1378
26
59
22
1271
1070
750
0
30
20
700
647
1471
52
53
92
1274
1211
240
33
0
0
207
217
1208
0
15
71
1122
1165
658
59
0
19
580
557
817
55
69
0
693
670
425
0
46
18
361
223
581
0
44
0
537
536
188
0
60
0
0
96
939
0
0
43
896
836
824
79
21
39
685
778
563
0
15
0
548
563
677
86
0
18
573
474
1293
62
37
43
1151
988
558
154
173
0
161
353
848
0
22
130
696
669
1175
26
57
0
1092
1040
629
71
15
0
543
627
1000
76
0
14
910
897
184
0
0
0
1
184
149
31
0
0
118
102
1050
0
46
36
968
850
238
0
0
17
221
238
1
0
0
0
1
1
45
0
0
0
45
45
1121
24
19
0
1078
1121
989
23
0
0
966
989
1196
33
45
139
979
897
626
26
47
0
553
507
666
23
0
29
614
564
1007
0
17
78
912
915
218
0
39
0
179
218
425
0
40
20
365
218
220
0
0
17
203
220
35
0
0
0
0
35
1648
37
185
354
1009
1648
700
0
18
91
591
565
992
109
20
21
842
777
805
26
16
0
763
704
8
0
0
0
0
8
1077
53
33
43
948
1077
403
22
0
55
326
300
611
32
0
0
579
611
127
0
0
51
41
127
1364
114
36
20
1194
1055
1088
22
13
0
1053
988
145
36
0
0
109
98
1303
46
14
0
1243
1127
267
72
20
0
175
178
1226
11
37
20
1158
981
514
42
32
0
440
318
1479
77
26
0
1376
1337
346
23
14
0
309
244
126
0
84
13
22
126
685
24
50
17
594
685
1389
52
17
68
1252
1272
609
66
0
32
511
470
445
0
74
0
371
445
782
21
28
0
733
474
1699
86
17
23
1573
1577
122
0
0
22
100
122
362
55
0
0
307
225
372
21
11
0
340
270
1177
22
65
0
1090
1177
1039
0
59
51
929
936
1160
0
72
39
1049
1057
1085
51
44
43
947
879
446
0
0
23
423
446
1309
92
65
21
1131
1126
1012
56
0
0
956
921
911
23
17
0
871
811
530
25
18
0
487
376
424
27
18
21
358
334
476
23
14
0
439
212
1
0
0
0
1
1
140
0
27
46
67
140
743
42
29
64
608
481
381
0
41
0
340
346
953
28
29
0
896
683
775
0
41
58
676
600
1029
58
0
88
883
869
474
37
15
0
422
314
393
49
0
0
344
245
628
0
32
52
544
368
1415
53
37
51
1274
1061
399
0
41
0
182
399
1280
51
18
202
1009
900
486
204
0
0
282
391
661
24
0
11
626
456
523
0
19
44
460
214
613
69
0
66
370
613
504
25
0
62
417
504
614
47
45
0
522
410
1176
107
0
42
1027
799
585
0
51
22
512
479
1058
67
99
0
892
862
1462
24
60
41
1337
1261
1634
83
38
43
1470
1056
1669
102
0
66
1501
1567
1247
52
0
45
1150
900
1149
0
0
252
897
1046
654
22
13
0
619
643
1267
33
60
16
1158
855
1736
25
19
73
1619
1496
479
0
17
0
462
479
1406
56
0
90
1260
1076
942
0
56
21
865
737
675
0
95
17
563
546
1037
93
0
26
918
821
1307
91
19
45
1152
1079
74
0
0
21
53
74
263
0
16
0
247
263
1
0
0
0
1
1
1577
163
18
63
1333
1306
1
0
0
0
1
1
616
0
0
16
600
513
67
0
0
0
1
67
1640
108
37
71
1424
1273
236
0
183
0
53
175
9
0
0
0
9
9
576
120
0
0
456
517
615
0
58
0
557
570
920
108
16
0
796
750
265
54
48
47
112
265
155
0
0
17
138
54
788
54
172
0
358
692
1400
114
64
16
1206
1107
1572
0
0
45
1527
1469
547
22
0
0
525
547
451
47
0
0
404
269
