818
62
45
0
711
715
1620
97
44
65
1414
1611
1141
97
29
21
994
982
437
29
0
23
385
316
1219
0
59
50
1110
970
872
50
0
22
800
718
951
28
31
0
892
712
1072
25
39
0
1008
866
1397
0
68
52
1277
1397
9
0
0
0
9
9
1463
77
22
41
1323
1129
632
27
25
0
580
560
1343
61
79
0
1203
1060
1273
0
37
84
1152
1068
1340
78
0
65
1197
1085
548
42
0
45
461
548
845
25
0
70
750
531
862
36
0
21
805
862
867
50
19
22
776
764
1240
26
58
41
1115
830
1477
106
20
100
1251
1132
1242
80
19
100
1043
873
1209
52
38
23
1096
944
783
0
0
0
783
783
1467
67
34
21
1345
1057
684
79
0
25
580
543
1
0
0
0
1
1
649
0
0
77
572
388
366
0
0
0
366
366
756
26
43
0
687
654
721
0
19
95
607
574
1374
87
19
0
1268
1255
159
0
0
17
142
159
639
70
50
0
519
536
9
0
0
0
9
9
1084
0
81
47
956
570
1388
104
0
24
1260
1079
1092
25
40
33
994
842
1309
26
34
67
1182
878
97
0
0
0
97
97
513
0
0
44
469
513
1353
26
63
21
1243
1148
311
0
0
40
271
119
772
55
22
21
674
383
1001
0
0
69
932
904
994
27
18
46
903
737
1137
26
55
67
989
671
682
26
28
23
605
533
1252
142
20
23
1067
953
814
50
35
53
676
712
1
0
0
0
1
1
1114
0
63
21
1030
1011
712
51
0
0
661
610
574
0
0
62
512
479
488
29
40
22
397
450
944
27
17
19
881
813
515
0
0
23
492
412
1293
145
19
22
1107
915
402
54
46
0
302
358
1685
79
30
77
1499
1435
1015
27
79
21
888
912
1387
71
20
58
1238
1285
1521
0
78
45
1398
1109
1003
0
78
27
898
696
1042
136
19
0
887
726
59
0
0
0
59
59
543
34
42
22
445
543
1501
24
19
65
1393
1190
1249
25
32
45
1147
1044
1092
55
18
0
1019
973
1472
79
19
22
1352
1222
971
24
80
23
844
745
128
25
0
0
103
79
1284
91
37
80
1076
1261
746
0
61
0
685
666
1701
141
38
62
1460
1415
452
44
19
0
389
350
1300
49
62
0
1189
1092
1155
27
57
52
1019
1119
106
0
0
0
106
104
315
17
0
21
277
111
877
0
94
22
761
465
1337
81
18
21
1217
1154
1154
22
21
21
1090
910
1240
0
58
22
1160
1137
156
28
0
0
128
100
506
28
0
12
466
506
292
32
0
17
243
189
1204
78
16
0
1110
1173
396
0
13
0
383
396
1088
36
58
22
972
1051
1599
53
19
70
1457
1157
290
37
22
0
231
193
435
53
39
0
343
331
1
0
0
0
1
1
729
0
69
0
660
507
1026
53
76
0
897
1026
778
0
16
95
667
485
1161
50
20
58
1033
870
1152
77
0
91
984
1151
831
29
58
32
712
796
1421
111
0
46
1264
1058
1112
93
19
43
957
742
590
0
18
0
572
590
622
0
56
0
566
622
317
26
0
0
291
214
1677
26
35
73
1543
1123
443
0
42
0
401
342
1358
83
20
51
1204
1071
1005
77
20
24
884
911
1047
50
0
23
974
813
1345
79
17
22
1227
1038
1339
26
58
0
1255
1339
987
0
37
23
927
884
838
0
0
50
788
632
561
0
0
20
541
561
1299
84
18
21
1176
1254
875
0
0
132
743
875
941
25
18
49
849
694
788
36
26
21
705
685
48
0
16
0
32
48
641
24
19
0
598
641
145
0
0
20
125
69
605
25
0
61
519
297
1182
64
0
86
1032
826
1301
25
77
0
1199
1121
959
60
19
0
880
836
426
0
0
33
393
426
1084
50
36
0
998
982
1688
100
32
0
1556
1483
580
26
0
46
508
272
1439
113
45
24
1257
1269
1175
24
84
0
1067
1072
1272
52
128
62
1030
1015
356
0
18
21
317
253
1140
54
17
91
978
750
232
25
0
0
207
138
1470
104
49
22
1295
1202
1
0
0
0
1
1
591
0
32
43
516
591
1489
75
44
77
1293
1190
282
0
39
0
243
192
724
0
61
0
663
445
1372
27
84
22
1239
1328
77
0
0
0
77
77
20
0
0
0
20
20
1092
45
38
42
967
989
867
0
26
48
793
663
1535
26
52
86
1371
1444
403
0
18
38
347
403
1138
25
45
73
995
971
